97 60 54 90 33 
98 82 30 83 23 
17 3 120 105 26 
42 3 13 31 8 
96 81 5 1 52 
82 69 57 103 111 
18 39 96 125 60 
107 15 60 84 97 
49 10 17 118 79 
87 114 58 8 89 
37 55 17 1 40 
2 122 45 46 15 
51 31 68 73 78 
46 52 98 6 59 
41 104 1 103 21 
26 82 3 80 121 
66 73 2 34 80 
73 66 90 118 37 
127 107 46 1 31 
47 53 54 103 106 
15 70 27 92 75 
21 102 23 8 86 
123 15 56 67 125 
112 36 17 29 52 
49 35 2 116 97 
126 109 126 28 125 
29 41 49 69 112 
101 24 124 76 22 
122 54 61 35 114 
48 95 73 22 65 
127 54 49 13 125 
83 83 124 116 97 
12 107 29 71 116 
33 113 42 110 4 
14 63 46 12 92 
93 121 121 112 87 
44 65 49 8 0 
77 57 47 12 100 
126 126 12 104 49 
109 96 64 102 84 
88 21 118 57 46 
65 33 102 84 4 
120 63 112 121 123 
83 38 73 126 49 
21 31 81 125 36 
92 31 67 126 11 
23 10 91 23 74 
45 2 59 84 102 
11 59 63 44 106 
82 36 63 41 107 
19 1 117 20 53 
7 92 47 48 112 
85 106 75 117 1 
114 83 66 48 100 
61 4 39 5 12 
68 33 50 118 115 
19 26 66 70 52 
42 116 68 61 73 
44 29 109 70 76 
61 81 14 89 33 
66 35 36 105 47 
73 41 47 29 3 
55 24 107 61 81 
40 91 75 85 91 
78 18 91 113 79 
5 96 9 83 84 
36 113 63 95 80 
61 43 113 92 22 
102 43 48 85 58 
62 9 81 113 94 
31 116 23 115 5 
21 2 17 80 1 
16 42 123 91 48 
2 10 39 36 100 
110 33 5 20 41 
83 7 4 50 102 
126 74 27 57 33 
82 113 48 14 80 
100 79 15 121 39 
7 28 115 26 79 
33 10 39 119 1 
36 105 57 90 119 
20 18 11 121 17 
80 115 24 104 107 
124 44 99 24 88 
42 113 28 11 26 
72 94 42 75 78 
65 98 69 58 48 
59 127 118 123 30 
82 72 97 22 46 
50 110 83 12 23 
7 116 35 30 67 
6 95 92 124 71 
15 45 38 48 94 
98 96 51 4 34 
73 66 61 10 21 
16 122 23 96 27 
87 70 65 106 78 
121 35 19 42 29 
80 1 62 10 79 
116 86 42 112 73 
110 94 37 124 34 
29 19 107 102 95 
105 93 119 57 113 
66 18 73 101 61 
99 84 3 95 64 
46 99 54 23 90 
9 6 37 115 55 
86 105 74 4 46 
89 81 50 32 83 
