2 122 45 46 15 
2 10 39 36 100 
5 96 9 83 84 
6 95 92 124 71 
7 92 47 48 112 
9 6 37 115 55 
11 59 63 44 106 
12 107 29 71 116 
15 45 38 48 94 
15 70 27 92 75 
16 42 123 91 48 
16 122 23 96 27 
18 39 96 125 60 
19 26 66 70 52 
20 18 11 121 17 
21 102 23 8 86 
23 10 91 23 74 
26 82 3 80 121 
29 41 49 69 112 
29 19 107 102 95 
31 116 23 115 5 
33 113 42 110 4 
36 113 63 95 80 
37 55 17 1 40 
41 104 1 103 21 
42 113 28 11 26 
42 116 68 61 73 
44 65 49 8 0 
44 29 109 70 76 
45 2 59 84 102 
50 110 83 12 23 
51 31 68 73 78 
55 24 107 61 81 
59 127 118 123 30 
61 43 113 92 22 
61 81 14 89 33 
65 33 102 84 4 
66 18 73 101 61 
66 73 2 34 80 
66 35 36 105 47 
72 94 42 75 78 
73 66 90 118 37 
73 41 47 29 3 
77 57 47 12 100 
80 1 62 10 79 
80 115 24 104 107 
82 36 63 41 107 
82 113 48 14 80 
82 72 97 22 46 
83 38 73 126 49 
83 83 124 116 97 
85 106 75 117 1 
86 105 74 4 46 
87 70 65 106 78 
89 81 50 32 83 
97 60 54 90 33 
98 82 30 83 23 
98 96 51 4 34 
99 84 3 95 64 
100 79 15 121 39 
101 24 124 76 22 
102 43 48 85 58 
105 93 119 57 113 
107 15 60 84 97 
109 96 64 102 84 
110 33 5 20 41 
114 83 66 48 100 
116 86 42 112 73 
120 63 112 121 123 
121 35 19 42 29 
122 54 61 35 114 
123 15 56 67 125 
124 44 99 24 88 
126 126 12 104 49 
127 107 46 1 31 
