10 4314 27870 2667 17960 
64 24887 15555 31737 8502 
82 12545 31309 9681 187 
83 19126 3001 4829 24277 
160 8374 7430 23821 24066 
173 26099 5390 5605 10270 
178 21673 3234 13325 20217 
235 30935 31301 600 11579 
265 3468 18265 6756 1182 
319 23926 31018 9909 10001 
329 25403 8755 6293 13953 
467 21377 24363 19966 20540 
510 1575 11873 10497 27363 
558 6386 8571 23698 15273 
564 8207 3927 16167 28209 
588 28500 30647 29960 27351 
692 7085 771 5872 6988 
693 4108 1926 10318 16191 
706 3861 7667 30471 14133 
750 3922 25616 13574 24002 
792 1167 4900 11110 24528 
803 21231 25524 20759 2378 
815 18116 27255 7029 15847 
826 29567 3159 12748 10919 
961 1950 26956 32669 16650 
963 8346 20720 14349 13389 
1216 13553 30277 10308 11592 
1267 9953 29570 30542 27666 
1340 473 23973 7235 21909 
1456 11366 11925 31427 15609 
1465 1606 16145 10954 5383 
1577 13428 4323 8147 14267 
1621 3073 6232 23601 21308 
1682 17148 6544 32332 13020 
2061 10315 5358 4249 7116 
2175 28090 22823 3058 263 
2287 29978 14837 20923 4119 
2351 31358 30799 18509 32755 
2590 3259 18947 9028 745 
2654 15473 15745 1253 23981 
2658 26716 22312 15306 22852 
2711 15660 27615 18914 31023 
2743 31341 6153 814 5953 
2757 13502 29352 11165 30224 
2759 27130 2430 134 13282 
2771 31904 30077 31691 17183 
2890 10155 16716 15050 798 
2897 24609 364 1160 13231 
2907 7472 27182 25585 23526 
2970 389 11938 24674 11981 
2999 23905 6726 9311 109 
3031 6913 2055 17751 17516 
3074 22170 8328 6924 25163 
3115 2336 21988 8798 27536 
3146 9080 32524 9579 29100 
3157 26031 10786 9402 28878 
3179 9860 27824 13554 17223 
3250 26759 23262 22403 30472 
3279 25165 32516 30523 29100 
3331 20068 9539 13073 26648 
3331 29781 16478 16055 8965 
3356 7856 23534 3189 18313 
3366 28384 22290 16909 29524 
3367 24406 21254 2544 32051 
3426 3350 29069 7584 16500 
3490 30814 22325 29561 29311 
3587 6940 2258 162 5771 
3603 24939 15786 14599 7638 
3613 15997 1478 24101 25607 
3645 9733 12210 30226 13674 
3654 14835 26480 25946 20650 
3683 13572 5235 4709 16701 
3696 5909 7436 11238 23497 
3796 21258 25464 5287 11428 
3899 7025 16213 11330 1304 
3967 18851 4803 22256 22835 
4150 13705 32269 7354 13046 
4303 7901 21582 26715 21894 
4312 16433 22788 14626 31606 
4374 19513 17134 13478 13162 
4389 200 1066 23764 23895 
4420 16423 21066 11121 28023 
4475 22422 31150 2656 14026 
4563 9873 17429 3840 24523 
4566 21208 7878 29452 24371 
4633 16063 31162 22517 23023 
4637 22506 23702 13900 29737 
4668 29679 7142 1212 4150 
4793 13309 24792 2436 7737 
4816 28582 15492 17212 24778 
4867 16595 7486 1948 30224 
4928 30187 12645 12854 15612 
4942 23095 19409 28401 31992 
4999 10904 2697 14908 16317 
5054 30985 15936 23814 3176 
5073 9869 27375 15355 29294 
5094 4002 16619 24260 21129 
5364 26524 20925 9082 6805 
5405 7959 6710 30945 23350 
5409 32456 20781 29212 13419 
5433 21072 8267 22599 30073 
5516 7364 9797 16242 22862 
5568 10104 4600 20396 19045 
5615 1376 21538 4042 10105 
5656 14563 836 29833 13679 
5668 29321 8059 8371 22931 
5678 1609 2337 21391 22034 
5715 16078 1879 27077 18576 
5716 16041 22764 3916 24549 
5733 2330 12013 11663 25480 
5734 7219 19359 26515 3845 
5738 22249 13421 18124 14105 
5778 15564 26362 31888 32607 
5796 17325 28134 17073 21404 
5817 18557 4153 18850 13438 
5886 23746 18258 12091 12069 
5921 24122 27751 13863 24576 
6045 12069 11321 8676 4700 
6109 20303 19082 26071 22501 
6146 31216 9808 10468 20353 
6185 19405 25833 20267 14996 
6226 4305 29091 4333 19394 
6252 11891 26491 2429 16602 
6255 17224 26543 5336 25264 
6277 17486 29594 19376 22444 
6283 30741 25459 26197 9708 
6337 15142 29983 28392 10463 
6357 18103 3002 26859 17442 
6428 27420 9856 6621 25116 
6631 19098 21779 20257 1783 
6702 31509 10597 13210 32001 
6709 28037 21431 25643 32611 
6842 22035 29419 30317 18873 
6878 16473 3315 4850 5312 
6933 836 30114 20538 21514 
7041 734 14303 31619 23761 
7055 21269 11364 11136 11525 
7097 21966 13985 16733 19006 
7216 23162 29501 21826 29876 
7296 1107 14181 15741 28794 
7337 19977 13994 31096 8748 
7344 29172 4233 1563 27688 
7375 19376 26461 16026 4234 
7417 13345 32464 9019 18888 
7470 5032 28530 21661 22771 
7492 31349 8469 31755 8792 
7552 14866 31586 21389 4902 
7610 1823 6958 20154 927 
7626 16791 25504 22122 12239 
7639 30488 12903 27508 32466 
7834 25065 2773 14072 32657 
7887 16452 17748 12105 9646 
7950 21067 31687 6121 4909 
7987 10142 10021 3562 23172 
8081 30344 2383 32230 32143 
8143 2416 20975 27447 32325 
8190 8627 4358 24421 29231 
8415 20082 7876 5086 28367 
8465 12914 31505 992 30367 
8479 13629 16805 31700 16896 
8496 8144 12946 17432 4373 
8546 5875 4560 5372 23775 
8584 14311 27270 30951 1208 
8636 2759 19149 21307 29348 
8821 8838 5955 20080 19506 
8840 19145 29408 5371 10424 
8992 276 22640 30947 30055 
9031 29513 10901 1510 19143 
9088 30127 29834 9587 8509 
9144 7262 4463 18208 4496 
9218 10361 29858 15270 31630 
9222 14003 6097 15987 27721 
9229 28165 26198 25954 12337 
9313 19015 18104 15912 11261 
9424 30145 3313 9347 5339 
9503 19495 18746 8433 31913 
9540 862 11339 3719 7355 
9582 20620 28387 3834 28365 
9603 370 22778 10645 9887 
9749 17457 30358 17837 16450 
9799 18401 12364 21843 14749 
9868 32361 5334 1265 12843 
9929 12415 5051 35 29446 
10006 26018 28611 24836 31618 
10054 2050 15800 32323 6988 
10062 26235 4755 2781 16380 
10202 8790 1117 27653 17726 
10237 2883 5309 992 25460 
10325 14595 16674 6075 11966 
10369 7529 12697 2107 18160 
10564 20492 1644 8470 7652 
10631 7486 9442 25489 27872 
10660 9929 6574 946 14464 
10734 25769 16486 22742 24124 
10802 30367 10396 17095 16914 
10925 3201 16888 681 1929 
10943 16168 20445 27679 17324 
10956 1717 22509 22108 25086 
10960 5397 6678 15955 31691 
10966 23449 32520 16708 19431 
11100 4379 21095 8219 1707 
11115 30480 22197 30455 975 
11122 2611 21333 20465 31109 
11194 725 16522 30796 4249 
11381 19318 32051 6577 21834 
11418 30591 17408 13215 3918 
11455 14547 9715 6769 31115 
11479 972 22795 9124 6860 
11494 14612 8793 28627 4984 
11572 32215 1693 24751 2041 
11604 7371 29872 31446 31953 
11656 23472 28406 18138 2363 
11662 20540 25188 11397 16068 
11725 1241 10585 6816 22374 
11730 51 10499 23211 23961 
11747 1938 24129 29358 24813 
11751 10932 28635 24366 16528 
11860 5751 4077 5536 22326 
11910 13093 29877 32491 31747 
11967 15104 30816 17353 6432 
12005 25099 15897 28189 25469 
12150 3205 6469 12143 32545 
12164 31476 7745 7025 18120 
12181 27161 7938 23002 18382 
12318 23855 10832 16991 18059 
12426 26851 20502 26357 1377 
12451 27478 3765 11940 25441 
12531 24621 28321 29772 32739 
12564 29523 28228 12054 13213 
12586 20812 16651 23183 2090 
12626 22192 5284 21586 23966 
12695 8630 20274 21605 17988 
12698 10051 5468 1728 17590 
12725 1840 942 17685 4908 
12732 23637 17761 14885 19664 
12782 17171 25769 17732 17932 
12806 17101 7313 21227 27934 
12812 14380 26611 2777 24929 
12894 28513 4820 11701 20313 
12903 16466 9070 19957 9083 
12912 2732 31634 7233 32639 
12945 6980 21801 29298 1244 
13194 17236 13444 17470 23649 
13197 17957 2261 16652 2176 
13199 27824 18317 15274 19177 
13257 10765 30074 8055 30689 
13259 5073 3568 7028 24566 
13292 19345 28711 17097 16613 
13309 1550 21284 6900 2939 
13311 1302 11021 23965 18430 
13390 9598 6481 2528 11660 
13553 6449 15756 32468 2783 
13563 13970 31386 32521 16216 
13578 17952 4605 1792 23641 
13604 3311 13225 7510 20015 
13737 30995 160 29387 18244 
13840 28126 29822 947 9547 
13866 18223 22112 25732 16292 
13870 29925 8060 32759 16500 
14077 17645 27478 3747 2964 
14135 6002 22303 19053 7987 
14149 22920 10983 7815 7137 
14176 11440 27974 296 24326 
14186 22834 3647 9623 27396 
14282 32301 28153 22376 11157 
14366 26299 18789 20690 31614 
14389 29143 3564 14767 26001 
14393 22908 19199 25923 15872 
14408 10956 14487 30180 1506 
14477 18676 10812 16796 12738 
14495 2345 5869 26599 23768 
14599 989 12654 32114 24175 
14637 21908 18772 17384 163 
14642 15586 12413 15835 28838 
14768 7876 1953 19819 24794 
14800 5395 5524 4648 17238 
14833 26248 19036 23623 16325 
15038 1587 3661 3137 3724 
15040 20887 9775 381 14083 
15178 27468 11589 15630 27019 
15213 19033 21561 21595 30113 
15223 3373 8136 7919 20999 
15330 13409 12255 8290 12308 
15503 13450 22176 27898 9225 
15538 3987 13459 472 26026 
15631 24528 3475 8363 14061 
15653 3030 4065 25815 28256 
15685 25506 28959 13269 9054 
15686 20214 17739 11341 29880 
15794 1869 10373 29362 21215 
15925 21015 30478 16070 31349 
16005 12744 25224 5979 12188 
16081 25096 14031 16934 29777 
16083 16922 10735 5088 20079 
16137 29700 13433 11160 22705 
16153 3600 28020 10716 26263 
16201 20656 28578 2631 16668 
16210 9247 21594 12856 28062 
16230 27258 9431 12323 22405 
16231 9179 29032 29105 26871 
16241 3251 31522 2660 30049 
16243 20889 6185 16544 14645 
16275 22058 10639 25941 24012 
16298 16384 6909 15481 11612 
16333 18818 27669 24120 28524 
16430 10871 13480 3299 27133 
16441 8813 12149 21411 4794 
16464 12510 887 5970 3967 
16479 2837 19413 18073 52 
16487 31873 1714 32145 9678 
16658 13 9732 29145 25048 
16704 27231 32464 22336 32027 
16741 22008 9496 24989 32017 
16768 2330 26072 13161 25611 
16815 13549 25228 27863 22771 
16833 18606 15912 7460 26465 
16884 17662 29327 25536 2224 
16920 8115 7389 4637 8214 
16954 17539 2465 6599 16513 
17037 3591 23861 24519 14576 
17081 10367 20157 4800 10797 
17119 27762 30593 13612 15634 
17198 24714 796 17898 28322 
17251 3921 22226 24547 16805 
17368 21049 14141 8555 31262 
17406 32679 3566 18057 15576 
17417 17587 6702 20166 8086 
17486 27110 29862 27899 22702 
17486 2684 17756 9907 24124 
17557 695 5307 9892 20862 
17574 30965 1746 10633 13931 
17611 13293 25320 28863 1816 
17634 1258 30492 28118 13613 
17638 29503 23542 16064 5891 
17651 2642 10589 21938 28549 
17698 18267 25889 18159 14032 
17829 15891 19575 4527 10895 
17887 1504 15006 6547 13014 
17890 19246 22029 21272 31023 
17897 9317 18904 6006 12970 
17922 9373 19764 12455 12118 
17945 23924 19085 1904 11057 
18064 17934 23857 2788 19624 
18098 32553 14752 16791 6863 
18162 26575 5384 15008 27650 
18226 13379 2790 16108 1724 
18290 11781 19906 18140 6794 
18347 27758 4161 5475 32610 
18349 18740 25054 11728 32536 
18429 18909 4442 26681 23941 
18480 17177 16162 32100 377 
18521 5924 15918 9347 24090 
18569 22434 25708 31232 1758 
18594 7394 27674 9335 11143 
18604 12476 9635 1428 6144 
18616 16533 13862 17385 32109 
18624 21726 11429 29919 8627 
18778 6127 30026 1047 7298 
18819 18199 30224 16247 14333 
18872 26470 21866 14181 18902 
18874 3245 26357 10983 29213 
18878 4612 4807 4077 13724 
18916 14110 18666 15051 5194 
18929 23870 9593 29454 20847 
18967 12401 1252 3573 18616 
19016 3092 2955 25283 12208 
19049 31426 7576 20580 327 
19131 16359 30937 18326 26067 
19160 20305 22392 20671 30826 
19187 16813 9235 19666 14260 
19294 8002 32192 31673 32161 
19325 19975 29659 8887 31498 
19351 9925 27814 17585 28598 
19355 22782 19587 22936 2911 
19378 7890 30388 32251 29518 
19416 32539 1026 6823 8791 
19417 24635 7089 1775 5641 
19509 214 13962 23380 6451 
19581 7429 16984 12428 8859 
19637 15829 11405 14541 28357 
19780 1884 7275 14760 6495 
19844 27596 24621 14672 24385 
19852 12394 9231 6358 7698 
19877 9191 23040 650 2077 
19885 29152 19935 13711 19243 
19887 27814 24184 27919 25747 
19906 2483 2228 7845 24999 
19906 14839 19131 13622 2204 
20142 19559 5837 32219 798 
20156 12870 5869 31961 2654 
20215 26618 15247 17124 19674 
20232 7478 9226 30562 21003 
20276 32325 5239 607 5925 
20376 23928 26650 31901 28236 
20595 31099 26186 16791 32310 
20663 30364 16896 20113 10963 
20694 21320 8891 7800 25009 
20697 18826 25384 8559 17063 
20711 8658 32461 6041 8490 
20777 102 28926 4921 17328 
20887 7189 32046 11930 6367 
21097 20102 28417 17933 29346 
21176 3157 10254 30560 28007 
21217 2447 11209 7293 1452 
21318 20035 31234 4817 23986 
21440 8542 18360 1725 21603 
21512 9528 14192 10655 27138 
21591 16241 31509 31877 6543 
21624 23736 3181 1630 5646 
21632 24669 21528 24100 20154 
21665 17205 5054 12548 16769 
21882 27038 24117 11997 11603 
22047 2718 13679 4480 1905 
22184 22033 11867 3480 13442 
22210 26521 30669 23670 5721 
22262 6630 20680 26620 32260 
22388 5673 23198 10038 24697 
22442 15935 11111 20520 28773 
22457 22088 21365 7448 14750 
22589 5369 18106 9484 27915 
22606 30602 31132 29697 25396 
22610 7221 31404 19474 4074 
22783 32315 26043 24462 32591 
22800 15021 30792 5846 30972 
22805 24722 18428 18891 18212 
22824 30449 31195 11008 15828 
22846 22117 11227 21861 26871 
23021 27612 11560 29611 29147 
23095 7966 24462 32321 6611 
23104 11902 12661 15660 24865 
23109 2687 24771 24273 261 
23126 13330 25107 28323 27817 
23146 21287 20350 19585 20050 
23254 20043 8940 5495 13372 
23264 7953 4534 10893 16999 
23321 8470 18673 31964 21463 
23433 19278 2480 13930 1480 
23604 14012 8078 19210 26927 
23613 6508 3086 20743 6447 
23683 2936 10519 31988 13987 
23736 8871 29527 10559 8526 
23845 28135 5422 15719 10878 
23981 17648 6931 19478 22840 
23982 21833 17172 10894 5501 
24014 6335 30094 17261 17756 
24039 13595 9861 2664 7888 
24043 21429 26469 2008 9190 
24107 15825 11936 20251 28260 
24141 27506 26618 14188 10024 
24158 21367 13019 6934 18401 
24273 23673 18101 10519 32412 
24286 21627 26409 7038 9356 
24309 21656 11357 26422 27553 
24353 9153 16725 19565 19736 
24401 7351 32551 22816 5067 
24431 5842 32421 14760 7134 
24433 19664 15087 10508 25531 
24436 18491 3794 12665 15029 
24460 11269 16541 26753 1215 
24468 20360 21303 16759 28420 
24581 27225 32048 26530 22042 
24688 15574 32750 20604 26945 
24812 29013 24255 25794 10595 
24821 2569 9312 5655 14960 
24926 25588 32207 27229 22918 
25085 17696 14742 1 2310 
25135 2723 23115 16253 17881 
25157 146 26657 4222 18166 
25158 18138 29969 29252 20505 
25171 14364 31256 20945 31374 
25207 793 13598 20988 22159 
25214 21172 20641 29784 21801 
25229 1092 26557 26788 5225 
25288 15487 9477 19619 11178 
25291 16379 6224 8341 28966 
25314 3482 16587 541 3748 
25364 22152 13903 10757 4466 
25469 1130 26675 1819 12744 
25500 21993 9459 2227 25291 
25520 15647 14298 31170 2098 
25536 32647 31704 4902 30442 
25542 25214 24226 10625 21105 
25687 24644 4790 16802 30533 
25697 24434 24977 20723 29310 
25712 9126 3698 2555 1031 
25783 7969 6279 25045 5913 
25817 32575 30289 12029 6465 
25901 18951 15779 16643 3641 
25930 13807 25577 17453 18170 
25957 16587 7637 21173 17157 
25960 9563 25530 16935 23987 
25967 2037 11422 19235 30339 
25972 3957 10182 27592 18702 
26009 1620 12784 17123 23845 
26078 30059 27562 15531 1821 
26186 18205 31337 3750 31037 
26200 12527 269 10361 13455 
26230 21421 10047 9045 12646 
26300 13515 12376 3060 20482 
26313 8018 20093 16150 6574 
26318 16495 15586 24309 22565 
26363 22383 8762 7443 19408 
26512 5359 19278 24371 26412 
26545 5114 12707 23693 19923 
26553 25530 11003 11863 14361 
26660 7083 26791 20907 21154 
26692 15491 30081 9155 24058 
26906 31799 21690 15443 32273 
26931 12129 17559 25952 23226 
26994 29253 29289 13393 12559 
27021 19330 5947 15540 23047 
27025 7556 19338 16200 6223 
27063 27884 7237 1212 17279 
27198 7751 10146 23457 20004 
27262 18825 24070 7007 983 
27311 8616 29103 6639 12966 
27362 11328 7408 28981 29531 
27611 20247 22540 5727 15429 
27617 20203 16217 30875 26531 
27689 18681 8740 6270 32208 
27717 27435 27673 24739 3189 
27754 17487 8515 22383 7422 
27800 30840 12638 328 12579 
27829 28243 23655 19667 20813 
27931 29203 16701 4409 8648 
27963 25132 12587 19432 28920 
27966 31206 21626 3399 27314 
27976 12554 9151 29153 13352 
28120 2931 32667 7914 26013 
28154 3284 10297 18591 16480 
28191 9678 9946 28319 11520 
28236 2474 12702 206 24197 
28287 11990 4072 16159 20516 
28292 24374 32350 16995 29260 
28306 28330 18471 1937 6685 
28340 16609 16849 4429 16867 
28358 217 10363 13367 29831 
28374 18322 30138 1497 31395 
28436 18091 8669 19027 17155 
28486 17582 26506 1963 30555 
28494 1883 25780 6174 10159 
28603 9943 4569 9280 9590 
29063 29109 28587 510 20309 
29072 15071 1821 30354 1432 
29089 24044 26743 22084 12674 
29299 11424 23199 28609 29933 
29315 1856 31296 647 9997 
29363 32436 15362 21595 32248 
29408 9422 30687 28684 28562 
29470 29154 272 13770 8896 
29473 24832 16947 29464 9245 
29473 22355 6141 29743 4927 
29487 13876 22331 14288 1349 
29528 31209 5916 4227 17979 
29530 2871 9157 2842 3533 
29591 10435 30166 1095 1451 
29629 30244 13004 29288 20296 
29704 28878 26782 22073 28659 
29787 6075 13160 4453 23819 
29818 8259 1942 12805 28722 
29831 30305 23454 26421 24437 
29901 14792 21428 19267 21711 
30015 24663 30841 25415 2798 
30052 16732 4271 18932 9627 
30069 32341 11723 5083 19526 
30114 406 22530 31576 7474 
30119 13928 27613 30213 25322 
30122 17823 18934 3068 5563 
30174 29007 29898 10594 11569 
30232 13508 12071 30906 7674 
30249 17717 8151 1233 21171 
30381 10169 29836 22685 19839 
30397 23751 23063 27789 3052 
30407 19083 20947 25139 29850 
30428 5949 25649 9215 7623 
30507 13967 24998 9420 19855 
30551 11724 13958 20729 30950 
30574 626 29800 13300 2487 
30634 24713 22681 31630 18358 
30727 23164 7966 6755 25987 
30744 13378 6208 24196 16877 
30796 2026 23102 13417 29793 
30864 14864 1361 24443 7079 
30961 25555 3309 26957 20049 
31016 4053 26322 5697 6764 
31113 5828 12481 30575 26728 
31161 6523 11368 20535 30068 
31162 19626 15379 7451 29799 
31241 34 27339 17060 1932 
31266 26645 11192 271 1592 
31283 24256 22651 26706 10279 
31336 11488 7163 17874 712 
31496 22877 23557 903 9538 
31527 11240 11019 1118 4955 
31547 5770 2825 25395 24304 
31642 32469 19194 22971 13787 
31745 31930 1968 9564 7902 
31792 28614 1247 6007 17844 
31796 5538 14 1111 13763 
31856 1696 12876 3842 24164 
31912 7220 30649 20891 28112 
31912 5719 24329 20004 17906 
32057 31868 31811 12783 10455 
32065 22046 14304 25726 25636 
32127 18503 7671 15552 31497 
32162 8184 920 26305 2397 
32343 9656 4502 14952 866 
32443 10987 288 14244 19545 
32446 25234 2015 7176 12304 
32448 29986 6072 22513 13254 
32473 15542 20914 32495 27352 
32501 3144 31673 23902 1524 
32600 11373 10434 22966 755 
32731 11206 1616 4996 11874 
