2 122 45 46 15 
2 10 39 36 100 
5 96 9 83 84 
6 95 92 124 71 
7 92 47 48 112 
11 59 63 44 106 
12 107 29 71 116 
15 45 38 48 94 
15 70 27 92 75 
18 39 96 125 60 
21 102 23 8 86 
26 82 3 80 121 
29 41 49 69 112 
31 116 23 115 5 
33 113 42 110 4 
36 113 63 95 80 
42 113 28 11 26 
50 110 83 12 23 
51 31 68 73 78 
55 24 107 61 81 
61 43 113 92 22 
66 18 73 101 61 
66 73 2 34 80 
72 94 42 75 78 
73 66 90 118 37 
80 1 62 10 79 
82 36 63 41 107 
82 113 48 14 80 
83 38 73 126 49 
85 106 75 117 1 
97 60 54 90 33 
98 82 30 83 23 
98 96 51 4 34 
99 84 3 95 64 
100 79 15 121 39 
101 24 124 76 22 
102 43 48 85 58 
107 15 60 84 97 
109 96 64 102 84 
110 33 5 20 41 
114 83 66 48 100 
116 86 42 112 73 
122 54 61 35 114 
123 15 56 67 125 
127 107 46 1 31 
7 116 35 30 67 
7 28 115 26 79 
14 63 46 12 92 
17 3 120 105 26 
19 1 117 20 53 
21 31 81 125 36 
21 2 17 80 1 
33 10 39 119 1 
36 105 57 90 119 
40 91 75 85 91 
42 3 13 31 8 
46 99 54 23 90 
46 52 98 6 59 
47 53 54 103 106 
48 95 73 22 65 
49 35 2 116 97 
49 10 17 118 79 
61 4 39 5 12 
62 9 81 113 94 
65 98 69 58 48 
68 33 50 118 115 
73 66 61 10 21 
78 18 91 113 79 
82 69 57 103 111 
83 7 4 50 102 
87 114 58 8 89 
88 21 118 57 46 
92 31 67 126 11 
93 121 121 112 87 
96 81 5 1 52 
110 94 37 124 34 
112 36 17 29 52 
126 109 126 28 125 
126 74 27 57 33 
127 54 49 13 125 
